eval_pearson = 0.5509343153593886
eval_spearman = 0.5750803689202325
